1 271 225 117 218
2 272 233 101 212
3 263 231 98 219
4 259 225 85 224
5 251 226 82 226
6 246 220 80 230
7 236 215 85 235
8 231 209 84 241
9 224 207 89 244
10 217 205 90 243
11 200 205 102 247
12 199 206 96 244
13 199 213 91 239
14 187 213 101 240
15 175 216 109 237
16 155 221 118 233
17 142 220 121 235
18 131 218 123 239
19 114 214 126 248
20 106 217 127 242
21 95 215 131 246
22 92 220 121 242
23 89 219 123 244
24 86 220 124 243
25 83 219 122 246
26 79 220 121 245
27 77 217 120 247
28 72 217 123 248
29 69 209 124 256
30 67 206 126 259
31 68 198 125 265
32 71 193 124 270
33 78 194 120 271
34 80 194 120 271
35 79 195 125 270
36 71 204 143 261
37 66 213 155 256
38 63 224 178 246
39 61 225 185 246
40 57 231 206 238
41 58 231 221 238
42 53 229 240 240
43 57 226 227 243
44 71 223 197 245
45 88 223 189 246
46 108 224 183 244
47 129 217 174 251
48 159 211 170 258
49 183 210 170 259
50 211 205 165 262
51 214 200 179 264
52 223 196 179 268
53 236 194 166 269
54 247 193 156 271
55 272 194 133 270
56 291 195 125 270
57 313 198 115 273
58 340 200 111 273
59 350 199 119 274
60 350 196 138 273
61 354 191 149 276
62 363 191 166 277
63 374 191 152 273
64 390 190 144 280
65 415 186 128 281
66 440 180 121 289
67 473 190 122 279
68 480 188 143 281
69 483 188 168 279
70 496 184 173 283
71 506 182 173 286
72 528 183 186 278
73 549 187 170 275
74 580 187 141 274
75 612 192 107 269
76 649 190 90 269
77 662 192 102 275
78 670 186 119 280
79 672 180 138 282
80 681 176 174 287
81 695 172 180 295
82 711 174 184 294
83 732 170 184 298
84 756 173 151 294
85 787 176 111 290
86 826 184 109 282
87 838 184 131 284
88 845 186 151 280
89 849 183 176 285
90 854 180 193 289
91 871 183 194 289
92 887 185 196 285
93 914 186 186 286
94 943 186 171 285
95 969 187 140 276
96 991 189 119 275
97 1006 193 115 271
98 1019 189 168 283
99 1026 184 206 292
100 1038 181 200 291
101 1047 175 192 296
102 1055 171 183 298
103 1062 170 174 300
104 1070 167 166 300
105 1078 168 172 302
106 1085 168 184 308
107 1094 172 184 305
108 1103 173 175 304
109 1114 176 164 308
110 1125 184 154 303
111 1133 189 146 298
112 1140 190 138 297
113 1146 190 132 295
114 1149 191 129 292
115 1151 186 128 297
116 1160 182 119 299
117 1166 178 113 298
118 1167 175 112 300
119 1169 173 110 303
120 1170 169 109 307
121 1172 167 107 299
122 1170 169 109 300
123 1171 175 107 290
124 1170 179 108 294
125 1165 182 113 289
126 1159 185 119 281
127 1154 184 124 285
128 1145 185 133 283
129 1140 187 138 282
130 1132 187 146 289
131 1128 188 151 283
132 1121 195 158 275
133 1114 197 165 273
134 1103 203 176 267
135 1097 206 181 265
136 1085 205 193 263
137 1080 202 198 266
138 1066 200 203 270
139 1054 200 206 274
140 1047 197 197 278
141 1033 195 208 280
142 1019 192 174 281
143 999 189 162 286
144 976 188 176 288
145 965 188 179 286
146 956 189 171 281
147 945 187 162 279
148 934 186 151 279
149 921 189 138 273
150 904 191 126 270
151 894 189 138 274
152 878 187 153 275
153 858 183 170 282
154 844 180 173 283
155 827 175 176 284
156 812 174 176 282
157 807 177 164 278
158 791 183 157 270
159 777 185 138 266
160 760 187 122 267
161 737 186 142 268
162 715 184 159 272
163 696 185 170 270
164 682 185 172 272
165 667 188 169 270
166 653 189 160 269
167 631 190 153 263
168 617 190 139 260
169 604 190 123 261
170 587 183 120 270
171 574 180 129 273
172 558 174 136 283
173 542 172 139 285
174 524 171 144 287
175 503 173 153 286
176 490 177 148 280
177 492 180 125 273
178 478 182 117 273
179 453 188 108 268
180 430 183 126 273
181 409 180 144 277
182 376 174 173 287
183 357 172 181 291
