985 262 109 294
981 263 111 289
961 265 128 291
943 268 147 290
931 268 160 289
923 266 170 292
915 266 176 291
916 268 172 289
916 269 162 290
914 269 150 290
907 269 140 289
900 267 133 289
895 267 127 290
888 266 127 293
886 262 121 297
882 258 115 299
879 256 114 303
875 256 115 306
872 260 115 301
862 263 123 297
842 266 137 294
825 266 152 294
813 268 163 292
806 267 170 295
803 266 171 295
804 265 165 295
802 267 152 294
793 268 147 295
784 270 142 291
776 269 133 297
769 270 127 296
763 271 124 295
760 267 123 298
755 265 120 301
752 263 120 304
747 262 121 308
743 261 124 307
740 265 125 306
735 266 124 305
728 268 124 302
720 271 128 299
704 270 139 301
688 268 150 301
673 265 166 305
673 266 163 305
668 266 162 304
662 266 153 304
655 269 141 303
645 271 130 300
637 274 126 296
628 273 126 300
623 274 125 293
618 273 125 292
615 270 122 293
610 270 124 295
606 268 122 303
604 268 120 305
600 269 122 308
597 269 118 306
586 276 125 297
579 279 125 295
568 277 130 297
549 275 140 298
538 275 143 299
532 272 142 302
527 270 142 304
526 269 135 303
530 270 112 302
519 274 110 298
508 274 113 297
498 273 113 296
488 273 118 296
483 269 117 302
476 267 119 298
471 265 116 307
466 265 118 310
464 266 114 309
454 268 120 307
448 267 120 309
435 268 124 308
429 274 120 303
419 274 123 301
400 272 134 302
381 269 149 306
375 268 150 308
388 268 124 307
379 269 116 308
372 272 111 304
360 275 117 302
353 277 114 297
344 278 116 283
337 276 117 284
330 273 119 290
323 271 120 301
320 268 119 302
313 267 119 310
313 268 112 309
304 268 116 306
302 271 113 305
288 272 116 303
263 272 131 304
252 274 137 302
244 272 144 305
231 267 152 313
228 264 147 315
221 263 139 316
215 263 138 313
234 265 112 309
230 266 107 307
219 268 107 302
214 270 106 298
202 269 111 300
199 269 106 301
191 270 107 303
182 268 110 305
178 266 108 308
176 265 101 310
170 264 98 313
155 262 104 313
144 263 106 311
134 268 110 308
