0 219 53 208
0 221 55 216
0 223 61 220
0 226 61 236
0 230 70 254
0 234 74 273
0 237 75 287
0 243 78 282
0 248 80 288
0 254 83 296
0 261 88 295
0 267 96 304
0 271 109 308
0 275 121 313
0 279 133 319
0 281 145 326
0 282 153 332
0 283 162 338
0 282 170 346
0 282 173 349
0 281 178 357
0 279 180 365
0 277 179 374
0 276 181 378
0 276 183 379
0 276 187 378
0 275 191 378
0 275 196 379
0 275 186 379
7 274 185 380
27 275 168 378
47 274 145 380
70 274 117 380
87 273 113 382
96 272 120 382
100 270 133 383
105 267 140 386
109 265 145 387
115 262 148 391
119 257 154 397
123 251 160 400
128 245 163 403
134 239 163 404
137 234 167 405
142 227 168 410
145 223 169 414
148 217 173 412
153 214 175 426
154 208 179 427
158 204 180 426
162 202 180 423
169 200 178 419
178 198 172 420
187 196 170 424
191 195 170 424
197 193 172 428
200 193 173 431
207 195 174 427
208 195 179 426
207 196 185 426
205 199 194 422
207 201 197 399
208 205 201 429
255 210 158 429
264 214 155 430
261 220 163 429
277 226 152 420
279 232 156 423
279 239 166 415
279 247 183 407
278 251 199 404
276 255 215 400
272 258 232 397
273 259 243 397
278 260 251 396
280 260 262 395
282 259 269 398
285 258 276 397
286 257 280 397
290 257 280 398
296 257 275 399
299 259 267 399
304 260 261 399
310 262 259 396
314 264 255 393
324 265 244 391
333 265 234 391
351 266 216 391
370 265 198 393
389 268 180 391
410 268 163 389
432 268 140 389
436 267 188 387
435 266 212 389
437 264 217 393
438 260 220 396
442 255 219 398
444 249 214 405
448 243 211 408
454 236 206 413
459 229 209 408
463 222 207 406
470 216 208 414
476 210 207 427
482 205 207 435
491 200 203 436
499 196 202 435
507 192 201 436
514 189 201 435
525 188 196 433
534 185 192 432
542 183 190 429
551 182 187 427
558 181 186 430
562 181 187 432
571 181 183 436
579 184 186 432
586 185 184 432
592 188 185 429
600 190 184 416
607 195 184 428
616 200 182 436
619 204 186 438
626 210 188 435
631 217 191 425
635 224 197 398
640 230 212 421
642 235 228 417
648 241 236 409
651 245 250 408
655 250 258 402
659 250 270 402
663 251 277 400
664 253 285 401
666 252 298 404
670 251 302 405
677 251 300 404
682 250 296 407
687 248 290 413
697 249 280 410
713 250 261 410
721 251 252 408
738 252 237 407
753 253 222 406
767 252 210 408
795 250 181 410
816 249 160 411
842 247 132 412
862 248 135 408
866 246 156 415
873 244 175 414
878 241 183 419
882 237 191 422
885 233 197 428
885 228 202 432
888 223 200 437
894 218 196 437
898 211 193 418
902 205 192 412
908 200 189 422
913 196 187 420
921 191 184 451
928 188 185 450
935 184 186 451
941 182 185 437
949 179 183 433
957 176 181 419
965 176 180 448
970 174 182 446
977 175 182 445
983 173 184 429
989 174 182 447
992 175 190 454
997 178 188 449
1001 179 190 439
1006 182 190 453
1015 186 189 450
1019 189 194 449
1025 196 198 450
1031 202 200 449
1035 208 206 447
1041 216 208 438
1049 221 212 437
1055 226 221 432
1061 231 218 427
1067 234 212 424
1074 236 204 419
1086 238 192 418
1102 238 176 418
1107 238 171 418
1110 237 169 420
1112 235 166 423
1113 235 166 424
1113 233 166 426
1121 233 158 425
1128 233 151 423
1130 234 149 423
1137 236 141 421
1148 238 131 418
1165 240 114 411
1172 241 107 405
1186 244 93 400
1204 242 75 396
